<h3>Introduction</h3>
<p>This project implements matrix multiplication in Java by using regular matrix multiplication algorithm and Schönhage–Strassen's algorithm. Two input Matrices are generated with random numbers. In my program, I used 0-9 digits. The running time of these two algorithms (theoretical or actual) is being compared.
</p>

<h3>Program test cases and output</h3>
<b>Test Case 1:</b>
<code>
<pre>

Matrix 1:
0 0 1 4 
1 8 8 4 
0 2 2 2 
2 3 0 7 

Matrix 2:
3 1 3 3 
1 2 3 9 
5 8 2 8 
5 0 6 3 

<b>Regular product:</b>
25 8 26 20 
71 81 67 151 
22 20 22 40 
44 8 57 54 
</pre>
</code>
